0.481269520354952
0.48361043546718335
0.48164255870260436
0.4775156407700831
0.47253075945088235
0.46314982257141873
0.4542697873896792
0.44585711996869665
0.43788133482880753
0.4303146614150744
0.42313175362339195
0.41630943604763826
0.40982648165497393
0.40361236625175434
0.3973604188338708
0.3914166126848779
0.38576377905528225
0.3803861169970668
0.37526906497363816
0.3687834225290486
0.3624296867601334
0.35639790223807155
0.3506686690986083
0.3427814750148501
0.33377473251204
0.3258960778497434
0.31855451249909217
0.31162926549402187
0.305089671976995
0.2989080849118161
0.3011393605628528
0.3063481146092969
0.31183689046863333
0.3176244536496585
0.3237313854334991
0.32631774564725236
0.3283293111358548
0.33046711866251094
0.33251262664792053
0.33456323902450796
0.3367425122259263
0.33905431858656176
0.341502830578706
0.3440925404754223
0.34682828198947924
0.3497152540941688
0.35275904725860757
0.3559061780428481
0.35832384946942286
0.36088527304914064
0.3635951321917579
0.36645846680709276
0.36948069802470435
0.3726676554161259
0.37602560699125426
0.37764641503936125
0.37927941405728216
0.381043170590183
0.3829406000899093
0.38497487484547255
0.3871494374504459
0.3894680156655396
0.3937800435430512
0.3984002245738475
0.40325440248785743
0.40835425065460185
0.4152879091456699
0.42285618734856717
0.4308391110943512
0.4392656262870309
0.4481675743388959
0.4575800572473805
0.4675418595929354
0.4780959380739398
0.48928999152021185
0.489723912394448
0.4871964876873029
0.48484194595964936
0.47839327215226435
0.4706437821571373
0.46328022792793955
0.456280386588292
0.449623843477575
0.44329181783649546
0.4372670085281439
0.4315334571723715
0.42607642645717053
0.42088229171392794
0.41593844411506375
0.4112332040816322
0.4067557436822575
0.4024960169692288
0.3984446973375538
0.39459312111225586
0.3909332366714799
0.3874575585007653
0.38415912564939764
0.3810314641249478
0.3780685528184976
0.37526479260195933
0.37261497828140544
0.37011427312737005
0.3677581857354462
0.36554254899883354
0.3634635009993586
0.3615174676453756
0.35970114690425314
0.3580114944942243
0.35599560825637966
0.35400579092474993
0.35214476437388453
0.35040938241887354
0.3487967464832541
0.3473041933100358
0.34461724832895474
0.34196225938816355
0.3394504760289792
0.33707725106000125
0.33483826674720163
0.3327295142474048
0.3307472749184263
0.32888810333474316
0.32714881185690076
0.3255264566199173
0.32531871023977343
0.3276510801978251
0.33011841889802596
0.3327253199314078
0.3366410430381641
0.3428265227898291
0.34935197052319034
0.35448370553090275
0.3585303861509647
0.36241138202855533
0.3652622434662668
0.36827138084351857
0.3714445958733911
0.37478812662002847
0.3783086803989141
0.38369269257352906
0.3908621038107522
0.3983241065163566
0.40601149880705234
0.41413008406504315
0.4227113608904
0.4317901021229559
0.4413214373535041
0.451403440799892
0.462100912486263
0.4719409752431836
0.47555865784802503
0.479379383475628
0.48341044329397653
0.48765967724902237
0.49213551484182255
0.48692047940107386
0.479978226804693
0.47495051848458364
0.4702588608519244
0.4657994860113604
0.46059654519665927
0.4553197887877703
0.45029817927717325
0.4455203551166138
0.44097577052677095
0.4389854585060356
0.4371498362684197
0.4354615949230677
0.4337498076544125
0.43137616550179314
0.4291583751936318
0.4270927035864414
0.4251757143952537
0.4234042537069286
0.4217754368874304
0.4202866367787879
0.4172897771143829
0.4127882034775766
0.40850582284487486
0.40709802040816134
0.41022884908019847
0.42330462159178694
0.42693753558412917
0.43076569794280795
0.43479677396780586
0.43903900658534917
0.4435012620824656
0.4481930806871015
0.45312473257606983
0.4583072799762365
0.4637526461209517
0.4694736919362702
0.4754843014629686
0.47761332228321196
0.4719580742409213
0.46068262771344415
0.4500672645532245
0.44005824520403536
0.4305013992458368
0.4214764834933
0.4129453942827538
0.4048736900211886
0.3972301661765257
0.3899864882930906
0.38506678217968854
0.3804540132334515
0.3760636467381571
0.37188543984726047
0.3679098931072603
0.36412819024592175
0.3605321439904877
0.35711414723921187
0.3538671289960129
0.35078451455236126
0.345766563015434
0.3399482237010445
0.3344226410504163
0.32917247852336984
0.3219797180721348
0.31442468797729556
0.30730753920603854
0.30271257025459913
0.29840815225221395
0.29431282487273847
0.28684071376679565
0.2797949635707587
0.27316826336946515
0.26692762365532907
0.2610434955546153
0.25548933653498573
0.25024124037965567
0.24159043503300667
0.23353028736303086
0.22605723101421377
0.21911229939028176
0.21264421598368652
0.20660818258625036
0.20096488971059914
0.19263391600004087
0.18473411387279104
0.17750866032683746
0.17087723774938549
0.16477183255800243
0.15913446779103027
0.15331083783321103
0.14567407784254296
0.13880230142902786
0.13258820303939517
0.12694367666416415
0.12180272094613898
0.12451942702778093
0.12739977791048845
0.13045721877454688
0.1337067476691919
0.1371651445785743
0.14085124233628274
0.14478624858437625
0.1489941303573563
0.1535020759748503
0.15834105299812393
0.1635464863924297
0.16915908822953618
0.1750278943318554
0.18002966983760177
0.18538385762461193
0.1911262841354554
0.19729785596344546
0.2039454907275087
0.21112326051029504
0.21889380672267578
0.22662738634543683
0.23348062303446976
0.2408369187806192
0.24875008249361094
0.2572819501576374
0.2665039361128264
0.276498958671218
0.2819322990570947
0.28540748005976196
0.28905855139385267
0.29289462040844655
0.2969255378602512
0.3011619703051291
0.30561548134006533
0.31037694988274805
0.3154130554070807
0.32071458988880036
0.3262984827923339
0.33218324013720213
0.3383891275401494
0.34493837957005835
0.35143148632929916
0.35767421062588634
0.36425569618201353
0.3711991215380577
0.3785299458747671
0.38541153744962375
0.39045145798814057
0.39574708199123243
0.4013122526291037
0.40716196995444004
0.4127506992654432
0.41663340516352804
0.4207192253674167
0.42501672289471265
0.4295351121317271
0.43428431312418536
0.43927501178474065
0.44434938494690934
0.44956968686345045
0.455054366932749
0.45931878422840117
0.462708818050579
0.46574446053878893
0.4659198393900869
0.4662374243058151
0.4666977000751263
0.4668830030941368
0.46081228106136596
0.455034232427706
0.4495345262592796
0.44429989715157925
0.43931805483331
0.4345776031231942
0.430067967147691
0.42577932787205375
0.42170256312054394
0.4178291943673257
0.41415133867034204
0.408434816989817
0.4022209994004501
0.4038043815077164
0.4037777071905258
0.40027921069342326
0.3992515988443539
0.40342814852947845
0.4078185420289476
0.40914311878217685
0.40820864182927336
0.40811525952697614
0.41348101525647024
0.41911911352581704
0.42383097326853997
0.42597048179361496
0.42826281536199445
0.4307118633855483
0.43332183576643585
0.43609728146801785
0.439043108963924
0.44216460874462715
0.4454674780836058
0.4489578482909475
0.45264231471152705
0.45652796975826543
0.46062243930907426
0.46452098478041537
0.46853559669769373
0.47276547033361593
0.4770874744627083
0.47909639285713734
