1 0.47104139948375 "" 0 -1.00000000000000 0
6 99.45056689343255 "" 0 -1.00000000000000 0
8 131.64767004810565 "" 0 -1.00000000000000 0
12 182.13981859410467 "" 0 -1.00000000000000 0
14 222.70639455784212 "" 0 -1.00000000000000 0
19 277.93886621317091 "" 0 -1.00000000000000 0
20 310.68662131520591 "" 0 -1.00000000000000 0
23 357.31897959184499 "" 0 -1.00000000000000 0
24 367.91865704982462 "" 0 -1.00000000000000 0
25 380.45067574853300 "" 0 -1.00000000000000 0
26 391.69521547669984 "" 0 -1.00000000000000 0
27 404.66000002517615 "" 0 -1.00000000000000 0
29 425.84550251737323 "" 0 -1.00000000000000 0
