0.49064723797538
10.24086167800452
20.17900226757313
25.02819037157731
28.69085237717399
33.76743764172284
37.44780045351402
42.28916099773144
47.03764172335475
50.62512471655183
54.15931972789081
57.92095238095182
61.76385487528268
65.47904761904756
69.20585034013807
74.23297052154676
77.86689342404311
81.59369614513362
86.48149659865108
91.37875283447443
94.89657596372808
99.45929705216599
103.96396825398256
108.52668934242045
113.17068027212827
117.83789115648460
122.35977324263314
127.03859410431374
131.61292517007590
136.26852607710796
140.72580498866603
143.03619047619566
145.30013605442821
148.66702947846636
151.83907029478513
155.46138321995721
159.31589569161468
163.29811791383912
168.00015873016827
172.34229024944506
176.61476190477623
177.83380952382453
182.15272108845278
185.86791383221902
190.61191189256272
193.11480225940284
197.97185941043500
202.69712018141269
208.96650793651821
213.57800453515645
218.26843537416133
222.80793650795070
226.27501133787035
228.56217687075144
232.10321995465364
234.77063492063979
237.35965986395189
240.87748299320555
243.18000001512993
245.62000001528173
250.48843537415522
255.50986394558140
260.37444444445032
262.73126984127703
265.20419501134643
267.65390022676729
270.26614512472793
272.69263038550025
277.91712018142152
279.72932095005081
281.86560009374341
285.83823129252130
291.08546485261081
296.22868480726220
301.45317460318347
306.78215419502317
310.65988662132918
315.88173722792493
318.60111111112951
321.09918821348174
323.48196110452346
328.47929705215745
330.76646258503854
333.15811791383805
335.49172335601622
337.91820861678855
340.29825396826379
342.79439909298173
345.24410430840260
347.58931972790504
349.98097505670455
352.36102040817980
354.78750566895212
357.27204081634579
359.51113050872300
361.98548752834762
365.63909297052521
368.03074829932473
370.48045351474559
372.88371882086938
375.31020408164170
377.80634920635964
380.25605442178050
382.82185941044406
385.37605442178335
387.90282346507138
390.31846263203397
392.87000000000342
395.30809523810001
397.51399092971121
399.81276643991657
402.36696145125586
405.01403628118931
408.44677941741224
411.14990929705459
413.69823129252029
416.29886621315666
419.01560090703572
421.70911564626624
425.50557823130237
