0.45034013605442
1.67603102607009
2.95770181071192
4.14078253499668
5.40054441733694
6.64165277434446
7.85649550314616
9.06423961501724
10.32259342161670
11.53695485013615
12.83665227321544
14.03854517750977
15.27757467090943
16.47539790822124
17.71869011776790
18.92645969275609
20.16975190230276
21.40224523094364
22.62376917003288
23.87189245787950
25.08932418946759
26.31698643980852
27.55487920890230
28.76208042173755
29.97541994582451
31.22763544117226
32.45529769151320
33.70342097935982
34.91062219219507
36.14851496128885
37.38770311660421
38.64797938437943
39.85012386308497
41.07199509316549
42.27518803692633
43.52040712490648
44.65666954268839
45.88943643978873
47.03195319513640
48.15921975874472
49.40017600596277
50.62204723604330
51.83483874360730
52.95346602968412
54.12702122781843
55.40551110607787
56.65213285924266
57.95082161445870
59.24400000368582
60.49805537827377
61.78400000384386
63.01866213151855
64.22609977324200
65.44514739229029
66.66419501133859
67.89485260771116
69.12551020408372
70.43743764172618
71.66809523809874
72.94519274376839
74.16424036281668
75.41811791383779
76.63716553288609
77.79816326531302
79.03832199546622
80.30380952381159
81.55768707483270
82.82317460317807
83.99578231292929
85.21482993197759
86.43387755102589
87.64131519274991
88.86087068530802
90.09102040817078
91.34489795919187
92.56394557824018
93.69011337869432
94.78145124717565
96.10498866214238
97.30081632654213
98.42698412699627
99.34417233561356
100.55160997733759
101.71260770976454
102.79233560092159
103.95333333334855
105.04467120182989
106.21727891158110
107.33183673471098
108.51605442178646
109.63061224491634
110.81482993199182
111.97582766441877
113.13682539684572
114.29782312927267
115.45882086169962
116.61981859412656
117.73437641725644
118.86054421771058
120.05637188211033
121.21736961453729
122.35514739231570
123.52775510206692
124.68875283449385
125.81492063494801
126.96430839005069
128.10208616782907
129.23986394560748
130.36603174606162
131.57346938778565
132.81573696148249
133.97673469390944
135.12612244901212
136.24068027214199
137.31379200854244
138.41280000861079
139.53254400868045
140.69891156466147
141.88312925173696
142.98607709754256
144.12385487532097
145.27324263042365
147.34893393491973
148.52748969524703
149.94712018140734
151.37514739229249
152.08335600907293
153.18630385487853
154.27764172335986
155.40380952381400
156.75056689342927
158.13215419501734
159.29315192744428
160.59346938776247
161.96344671202627
163.28698412699299
164.48281179139275
165.66702947846824
166.80480725624665
167.97741496599787
169.39383219955874
170.76380952382254
172.24988662132904
173.51537414967441
174.46739229026451
175.67482993198854
176.65006802722718
177.86911564627547
179.05333333335096
179.99374149661679
181.20117913834082
182.09514739230957
183.37224489797921
184.62612244900032
185.82195011340008
187.01777777779984
188.20199546487532
189.39782312927508
190.62848072564765
191.85913832202021
193.08979591839278
194.28562358279254
195.49306122451657
196.71210884356486
197.95437641726170
199.17342403631000
200.32281179141268
201.51863945581243
202.71446712021219
203.90487848362568
205.16639455782519
206.35061224490067
207.52321995465189
208.75387755102446
209.96131519274849
211.15714285714824
212.29492063492665
213.53718820862349
214.70979591837471
215.94045351474728
217.07823129252569
218.28566893424971
219.79829218951943
221.15419501133945
222.76798185941291
223.99863945578548
225.19446712018524
226.26258503401803
227.47002267574206
228.57297052154766
229.72235827665034
230.94233023499811
232.16045351474693
233.30303854875442
234.74267573696383
235.96172335601213
237.43925170068590
238.56541950114004
239.72641723356699
240.84097505669686
242.03680272109662
243.24424036282065
244.40523809524760
245.56623582767455
246.83172335601992
248.05077097506822
249.18854875284663
250.41920634921919
251.69630385488884
252.96179138323421
254.19244897960678
255.44632653062789
256.65376417235194
257.93086167802159
259.12668934242134
260.34573696146964
261.59961451249075
262.81866213153904
264.07253968256015
265.25675736963564
266.48741496600820
267.71807256238077
268.96034013607760
270.20260770977444
271.50292517009262
272.80324263041081
274.02229024945910
275.28777777780448
276.50682539685278
277.92324263041365
279.27874711712457
280.58192743767137
281.94770975056917
283.21319727891455
284.44385487528712
285.81383219955092
287.25346938776033
288.50734693878144
289.78444444445108
291.09637188209354
292.36185941043891
293.62734693878429
294.91605442177820
296.26281179139346
297.52829931973884
298.85183673470556
300.11732426305093
301.44086167801765
302.81083900228145
304.13437641724818
305.44630385489063
306.80467120183016
308.01210884355419
309.28920634922383
310.62435374151482
312.01755102042716
313.38752834469096
314.72267573698196
316.04621315194868
317.34653061226686
318.58879818596370
319.95877551022750
321.15460317462725
322.37365079367555
323.55786848075104
324.74208616782653
325.93791383222629
327.22662131522020
328.42244897961996
329.59505668937118
330.72122448982532
331.88222222225227
333.12448979594910
334.37836734697021
335.55097505672143
336.71197278914838
337.91941043087240
339.12684807259643
340.28784580502338
341.57655328801729
342.78399092974132
343.96820861681681
345.21047619051365
346.41791383223767
347.64857142861024
348.80956916103719
350.01700680276122
351.17800453518817
352.37383219958792
353.61609977328476
354.83514739233306
356.03097505673281
357.22680272113257
358.41102040820806
359.53718820866220
360.72140589573769
361.90562358281318
363.06662131524013
364.36693877555831
365.57437641728234
366.80503401365490
368.00086167805466
369.25473922907577
370.42734693882699
371.68122448984809
372.88866213157212
374.10770975062042
375.33836734699298
376.60385487533836
377.78807256241384
379.01873015878641
380.34226757375313
381.56131519280143
382.82680272114681
384.11551020414072
385.36938775516182
386.65809523815574
387.93519274382538
389.17746031752222
390.40811791389478
391.59233560097027
392.81138322001857
394.04204081639114
395.33074829938505
396.57301587308189
397.49020408169918
398.65120181412613
399.80058956922880
400.68294784587329
401.54208616786923
402.38845804988705
404.73367346938949
408.46589569161222
409.83587301587602
411.12458049886993
412.41328798186385
413.74843537415484
415.09519274377010
416.37229024943974
417.73065759637927
419.03097505669746
420.33129251701564
421.68965986395517
423.15251700681313
425.89233799795244
