0.47104139948375
20.08562358276641
37.32643990929606
61.64703827641464
86.30507818829491
99.45056689343255
117.76923484458968
131.64767004810565
148.59888888888989
163.02865909616003
172.46619951664965
182.13981859410467
190.61641723356124
209.01591178604997
222.70639455784212
231.49052088648958
245.60507936508034
260.31492063492982
277.93886621317091
310.68662131520591
328.44988662133824
342.83689342404483
357.31897959184499
367.91865704982462
380.45067574853300
397.48832356530568
404.66000002517615
413.71802165439760
425.84550251737323
