0.0009875990564417458
0.4100994505232003
0.006537124473451672
0.41147431377308874
0.010135155360989745
0.4066577795421258
0.013733186248527707
0.4018412453111626
0.01733121713606567
0.39702471108019965
0.02092924802360374
0.3922081768492365
0.024527278911141703
0.38739164261827375
0.028125309798679887
0.38257510838731057
0.03172334068621774
0.3777585741563476
0.0353213715737557
0.37294203992538444
0.038919402461293884
0.3681255056944214
0.042517433348831846
0.3633089714634584
0.04611546423636981
0.35849243723249524
0.04971349512390799
0.3536759030015323
0.05331152601144595
0.3488593687705692
0.056909556898984026
0.34404283453960616
0.0605075877865221
0.3392263003086431
0.06410561867406006
0.33440976607768014
0.06770364956159824
0.32959323184671696
0.0713016804491362
0.3247766976157539
0.07551272852496027
0.32049064168213726
0.07976260513367395
0.3162381862648018
0.08401248174238762
0.3119857308474664
0.08826235835110119
0.30773327543013096
0.09251223495981487
0.30348082001279564
0.096924494913188
0.299431904052749
0.10201475049624975
0.2962328219398882
0.1071050060793114
0.2930337398270273
0.11219526166237304
0.2898346577141666
0.1172855172454349
0.2866355756013057
0.12237577282849643
0.2834364934884449
0.1274660284115583
0.2802374113755841
0.13255628399461983
0.2770383292627233
0.1375222117642858
0.273690053108089
0.14158678429141835
0.2692601458362158
0.1456513568185509
0.2648302385643424
0.14971592934568345
0.2604003312924691
0.1537805018728159
0.2559704240205958
0.15784507439994855
0.25154051674872235
0.16190964692708099
0.24711060947684915
0.16597421945421342
0.24268070220497584
0.17003879198134586
0.23825079493310253
0.17361457180163897
0.23342598642659385
0.17709150776518168
0.22852132083441123
0.18056844372872427
0.2236166552422285
0.18404537969226697
0.2187119896500458
0.18752231565580957
0.21380732405786318
0.19099925161935216
0.20890265846568057
0.19447618758289476
0.20399799287349796
0.19795312354643746
0.19909332728131512
0.20143005950998016
0.1941886616891325
0.20490699547352265
0.1892839960969499
0.20826450611274405
0.18429927133042845
0.21148065142697048
0.17921977946770296
0.2146967967411969
0.17414028760497724
0.2172393188609395
0.16885109127924036
0.21747463013647217
0.16284364116547967
0.21770994141200462
0.15683619105171898
0.21794525268753706
0.15082874093795817
0.21818056396306962
0.1448212908241977
0.21841587523860218
0.138813840710437
0.21865118651413473
0.1328063905966762
0.2239872361640759
0.13251652629893396
0.2299824981060402
0.13296559479365333
0.23597776004800475
0.1334146632883727
0.24197302198996906
0.13386373178309208
0.2479682839319336
0.13431280027781145
0.2539635458738979
0.13476186877253082
0.25995880781586245
0.1352109372672502
0.2659457455043214
0.13574827058702366
0.2719192560151511
0.1364279767314156
0.2778927665259806
0.13710768287580744
0.2838554848602727
0.137360186434887
0.28978705559992457
0.13637972897725725
0.29571862633957646
0.1353992715196276
0.3016501970792286
0.13441881406199796
0.30758176781888036
0.1334383566043682
0.31351333855853236
0.13245789914673844
0.31944490929818425
0.1314774416891089
0.3251515196653897
0.1295892576182719
0.3308544807395075
0.12768634846310611
0.33655744181362535
0.12578343930794056
0.34226040288774306
0.12388053015277478
0.34796336396186067
0.12197762099760923
0.3536663250359785
0.12007471184244345
0.3593692861100962
0.11817180268727778
0.3650546660797961
0.11621890282112768
0.37069331001268235
0.11413311211642096
0.37633195394556873
0.11204732141171414
0.3819705978784549
0.10996153070700743
0.38760924181134127
0.1078757400023006
0.39324788574422753
0.10578994929759378
0.3988865296771138
0.10370415859288706
0.40452517361000007
0.10161836788818035
0.41016381754288644
0.09953257718347364
0.4158024614757727
0.09744678647876681
0.4214411054086591
0.09536099577405999
0.42707974934154536
0.09327520506935327
0.4327183932744316
0.09118941436464656
0.4383570372073179
0.08910362365993973
0.44399568114020427
0.08701783295523291
0.44963432507309053
0.0849320422505262
0.4552729690059769
0.08284625154581948
0.4596327958576242
0.07876533336684122
0.46388267246633763
0.0745128779495059
0.4681325490750513
0.07026042253217046
0.47201393077907106
0.06585085107508415
0.4721399948535834
0.0598401160023303
0.4722660589280958
0.05382938092957634
0.47239212300260824
0.047818645856822495
0.4725181870771207
0.041807910784068536
0.4723329426516468
0.03583348620695581
0.47082691841652013
0.030013115147570657
0.46932089418139356
0.024192744088185503
0.46781486994626686
0.01837237302880035
0.46630884571114006
0.012552001969415416
0.4648028214760134
0.006731630910030262
0.46316936773415973
0.0009476336305063171
0.46137603974699304
-0.004790728766219887
0.45958271175982623
-0.010529091162946091
0.4577893837726593
-0.016267453559672185
0.4559960557854925
-0.02200581595639839
0.4542027277983256
-0.027744178353124482
0.4524093998111588
-0.03348254074985069
0.450616071823992
-0.03922090314657689
0.4488227438368252
-0.044959265543303095
0.4470294158496583
-0.05069762794002919
0.44523608786249136
-0.05643599033675539
0.44344275987532467
-0.062174352733481486
0.44164943188815786
-0.06791271513020769
0.43985610390099095
-0.0736510775269339
0.43806277591382414
-0.07938943992365999
0.43626944792665723
-0.08512780232038608
0.4344761199394904
-0.09086616471711229
0.432166021988437
-0.09631555413460702
0.42821604389362333
-0.10084793775872891
0.42426606579880966
-0.10538032138285092
0.420316087703996
-0.10991270500697281
0.4163661096091823
-0.11444508863109482
0.4163124287116645
-0.12039063148336959
0.41643849278617695
-0.12640136655612355
0.41649769353995214
-0.13238851229822157
0.41262782644891083
-0.13698948577819203
0.40875795935786974
-0.14159045925816266
0.4048880922668283
-0.14619143273813318
0.40243340281822515
-0.15110393340983908
0.4040135203224493
-0.15690462793192533
0.40559363782667346
-0.16270532245401154
0.40445415870527657
-0.16825108366629954
0.4018235342422227
-0.1736570658342408
0.40001829331627103
-0.17892467116310784
0.4042681699249848
-0.18317712658044327
0.40787602349727825
-0.18776797422635827
0.40898218434592404
-0.19367739352461755
0.4100883451945698
-0.19958681282287694
0.4111945060432156
-0.2054962321211362
0.4123006668918615
-0.21140565141939555
0.4134068277405073
-0.21731507071765488
0.4145129885891531
-0.2232244900159142
0.4156191494377989
-0.2291339093141736
0.41672531028644466
-0.23504332861243293
0.41783147113509067
-0.2409527479106922
0.41893763198373646
-0.2468621672089515
0.42004379283238225
-0.2527715865072109
0.42114995368102803
-0.2586810058054702
0.42225611452967393
-0.26459042510372954
0.4233622753783197
-0.2704998444019889
0.4244684362269655
-0.2764092637002482
0.4255745970756113
-0.28231868299850754
0.4266807579242571
-0.2882281022967669
0.4253965272169412
-0.2936967390556073
0.42225541826602
-0.2988229718657866
0.41911430931509897
-0.3039492046759656
0.41597320036417773
-0.30907543748614497
0.4128320914132565
-0.3142016702963243
0.40966311908663544
-0.319301643051513
0.40473181296703287
-0.322740690626131
0.39980050684743007
-0.3261797382007489
0.3948692007278274
-0.32961878577536696
0.3896077416054179
-0.33243480748562804
0.38399306239505526
-0.33458427384508516
0.3783783831846924
-0.33673374020454233
0.3727637039743298
-0.3388832065639995
0.36714902476396727
-0.3410326729234567
0.3614978663334152
-0.3430831921624584
0.35583159466547365
-0.3450927178902858
0.3501653229975322
-0.3471022436181132
0.3444990513295907
-0.3491117693459406
0.33883277966164926
-0.351121295073768
0.33316650799370773
-0.3531308208015954
0.3275002363257662
-0.35514034652942283
0.32183396465782477
-0.35714987225725026
0.31616769298988323
-0.3591593979850776
0.31044661199791723
-0.3609277018598441
0.30446832187319417
-0.36156400009994366
0.2984900317484709
-0.3622002983400432
0.2925117416237477
-0.3628365965801428
0.28653345149902454
-0.36347289482024236
0.2805551613743015
-0.36410919306034195
0.2745768712495781
-0.3647454913004415
0.2685985811248549
-0.36538178954054107
0.26263304049192826
-0.3650020462610824
0.25667259900246264
-0.364215938433635
0.25071215751299714
-0.36342983060618755
0.24475171602353152
-0.3626437227787402
0.2387912745340659
-0.36185761495129276
0.2328308330446004
-0.36107150712384534
0.22687039155513478
-0.3602853992963979
0.22090995006566916
-0.3594992914689505
0.21500657458600902
-0.3583803238623051
0.20912466297806676
-0.3571361598449542
0.20324275137012437
-0.3558919958276033
0.19736083976218222
-0.35464783181025233
0.19147892815423995
-0.35340366779290144
0.18559701654629768
-0.3521595037755505
0.1797151049383554
-0.3509153397581996
0.17383319333041314
-0.3496711757408487
0.16795128172247087
-0.3484270117234977
0.1620693701145286
-0.3471828477061468
0.1561764630828273
-0.34599208197999864
0.15028151414521262
-0.34481123258713264
0.14438656520759785
-0.34363038319426664
0.1384916162699832
-0.34244953380140053
0.13259666733236852
-0.34126868440853453
0.12670171839475386
-0.34008783501566847
0.1208067694571392
-0.3389069856228024
0.11551516503146153
-0.3365476960121767
0.1111108098584559
-0.3324554492239522
0.10670645468545015
-0.3283632024357276
0.10230209951244429
-0.3242709556475031
0.09789774433943865
-0.3201787088592785
0.0934933891664329
-0.31608646207105395
0.08908903399342716
-0.31199421528282945
0.08468467882042141
-0.3079019684946048
0.08028032364741555
-0.3038097217063803
0.07587596847440992
-0.29971747491815576
0.07149789122996464
-0.29560002005756003
0.06759213897839478
-0.29102947002336577
0.06368638672682503
-0.2864589199891714
0.05978063447525517
-0.2818883699549771
0.05587488222368531
-0.2773178199207828
0.051969129972115446
-0.2727472698865885
0.048063377720545586
-0.2681767198523942
0.044157625468975725
-0.26360616981819984
0.040251873217405865
-0.2590356197840055
0.036346120965836004
-0.2544650697498112
0.03275799993813544
-0.24965252169589147
0.02938819718580843
-0.24467364052878915
0.02601839443348153
-0.23969475936168683
0.022648591681154517
-0.23471587819458445
0.019278788928827506
-0.22973699702748213
0.015908986176500606
-0.22475811586037986
0.012539183424173483
-0.21977923469327754
0.009169380671846583
-0.21480035352617521
0.005799577919519683
-0.2098214723590729
0.0024297751671926715
-0.2048425911919705
-0.0007803882361511194
-0.20292760444300395
-0.00361451539440405
-0.2082297315177325
-0.00644864255265698
-0.2135318585924611
-0.00928276971090991
-0.21883398566718965
-0.012116896869162841
-0.22413611274191825
-0.014951024027415771
-0.2294382398166468
-0.018141263223136472
-0.23450902529802786
-0.021833748338270897
-0.23925353601465899
-0.025526233453405434
-0.24399804673129005
-0.02921871856853986
-0.24874255744792118
-0.03291120368367417
-0.25348706816455224
-0.03660368879880871
-0.25823157888118337
-0.040296173913943134
-0.2629760895978144
-0.04398865902907756
-0.26772060031444544
-0.04776741814799468
-0.27238269907107604
-0.05233796818218894
-0.27628845132264596
-0.05690851821638321
-0.2801942035742158
-0.061479068250577584
-0.2840999558257857
-0.06604961828477185
-0.2880057080773555
-0.07062016831896623
-0.29191146032892534
-0.07519071835316049
-0.2958172125804952
-0.07976126838735476
-0.29972296483206506
-0.08433181842154913
-0.30362871708363487
-0.0889023684557434
-0.3075344693352048
-0.09401405307586597
-0.3106099751910406
-0.0994325066737185
-0.31321481470118995
-0.10485096027157048
-0.31581965421133906
-0.11026941386942302
-0.31842449372148846
-0.11568786746727555
-0.3210293332316378
-0.1211063210651282
-0.3236341727417872
-0.12652477466298068
-0.3262390122519365
-0.13194322826083327
-0.3288438517620859
-0.13736168185868586
-0.33144869127223536
-0.14303019242353832
-0.3332034405047007
-0.14899604938902233
-0.3339473349415008
-0.15496190635450635
-0.33469122937830087
-0.16090253571685198
-0.3355464999477924
-0.1666066500692457
-0.33744594926813054
-0.1723107644216394
-0.3393453985884686
-0.178014878774033
-0.34124484790880677
-0.1837189931264267
-0.3431442972291449
-0.18965526607193922
-0.34392024957906847
-0.19564505488205186
-0.3444372198644492
-0.20163484369216444
-0.3449541901498299
-0.20762463250227703
-0.34547116043521064
-0.2136144213123896
-0.3459881307205913
-0.21951787872009176
-0.34548822106429106
-0.22533478826979875
-0.3439688818802232
-0.23115169781950579
-0.34244954269615524
-0.23696860736921277
-0.34093020351208736
-0.2427855169189198
-0.3394108643280195
-0.2486024264686268
-0.3378915251439516
-0.2544193360183338
-0.3363721859598837
-0.2602362455680408
-0.33485284677581584
-0.26605315511774785
-0.33333350759174796
-0.27187006466745484
-0.3318141684076801
-0.2776869742171618
-0.3302948292236122
-0.2835038837668688
-0.3287754900395443
-0.2893207933165758
-0.32725615085547644
-0.2952458653151209
-0.3263701331969868
-0.30123731407457344
-0.3258727701217877
-0.30722876283402595
-0.32537540704658857
-0.31322021159347846
-0.3248780439713895
-0.319211660352931
-0.32438068089619027
-0.3252031091123835
-0.32388331782099117
-0.331194557871836
-0.323385954745792
-0.3371860066312885
-0.3228885916705929
-0.34317745539074096
-0.32239122859539376
-0.3491689041501935
-0.32189386552019467
-0.35516035290964604
-0.3213965024449955
-0.36115028921191095
-0.32088155279580693
-0.36713868080443923
-0.32034864154592324
-0.3731270723969676
-0.31981573029603944
-0.3791154639894959
-0.31928281904615563
-0.3851038555820242
-0.318749907796272
-0.39109224717455254
-0.3182169965463882
-0.3970806387670809
-0.31768408529650444
-0.4025665173012918
-0.3155499867783386
-0.4077855395357591
-0.3125655881484883
-0.4091245811909105
-0.30769346978503254
-0.40825158598334854
-0.30174513324165414
-0.40737859077578664
-0.2957967966982758
-0.40650559556822474
-0.2898484601548974
-0.40563260036066284
-0.28390012361151906
-0.4047596051531009
-0.2779517870681407
-0.40388660994553893
-0.27200345052476227
-0.40301361473797703
-0.26605511398138393
-0.40214061953041513
-0.26010677743800553
-0.40126762432285323
-0.2541584408946272
-0.40039462911529133
-0.2482101043512488
-0.3995216339077294
-0.24226176780787045
-0.3986486387001675
-0.2363134312644921
-0.3977756434926055
-0.23036509472111366
-0.3969026482850436
-0.22441675817773532
-0.3960296530774817
-0.21846842163435692
-0.3951566578699198
-0.21252008509097858
-0.39428366266235787
-0.20657174854760024
-0.39249771124170285
-0.20117801264701363
-0.387621168006706
-0.19766174269962317
-0.3835446278739368
-0.19366319358228617
-0.3827119795073768
-0.18770907526272101
-0.3838411100851296
-0.18240441133225443
-0.3880621575347215
-0.17812333825485777
-0.3922832049843134
-0.1738422651774611
-0.3965042524339053
-0.16956119210006443
-0.4006743860466433
-0.16524655633438512
-0.4029450826249982
-0.15967980096749823
-0.40521577920335305
-0.15411304560061134
-0.40748647578170794
-0.14854629023372445
-0.40975717236006287
-0.14297953486683762
-0.41202786893841775
-0.13741277949995068
-0.41429856551677263
-0.1318460241330638
-0.4165692620951275
-0.1262792687661769
-0.41883995867348245
-0.12071251339929001
-0.42111065525183733
-0.11514575803240301
-0.42323522516745143
-0.10952950109601567
-0.42481534267167564
-0.10372880657392947
-0.42639546017589985
-0.09792811205184326
-0.427975577680124
-0.09212741752975706
-0.4295556951843482
-0.08632672300767086
-0.4314552376051396
-0.08065966941692915
-0.43447662467204806
-0.07546197296007107
-0.4374980117389565
-0.07026427650321299
-0.440519398805865
-0.06506658004635502
-0.44354078587277346
-0.059868883589496935
-0.446562172939682
-0.054671187132638854
-0.44958356000659044
-0.049473490675780774
-0.45260494707349896
-0.04427579421892269
-0.4550888750785763
-0.03880697842763847
-0.45747345368824
-0.03328804618307779
-0.4598580322979037
-0.02776911393851722
-0.4622426109075673
-0.02225018169395654
-0.4646271895172309
-0.016731249449395857
-0.46759686401467865
-0.011513990807114238
-0.47070975817677235
-0.006370575774150344
-0.473822652338866
-0.0012271607411862284
-0.4745972979361589
0.0037791954435986153
-0.4709048128210244
0.008523706160229683
-0.46721232770588994
0.01326821687686075
-0.46351984259075557
0.01801272759349193
-0.4598273574756212
0.022757238310122885
-0.4561348723604868
0.027501749026753952
-0.4524423872453523
0.03224625974338502
-0.4487499021302178
0.03699077046001609
-0.4450050650318179
0.04166393406951008
-0.43937124988155757
0.04376273256350938
-0.43373743473129733
0.0458615310575089
-0.428103619581037
0.04796032955150831
-0.4224698044307767
0.05005912804550772
-0.4168359892805164
0.05215792653950713
-0.4112021741302561
0.054256725033506537
-0.40556835897999644
0.056355523527505724
-0.3999328974262464
0.05844986751173409
-0.39428833871537317
0.060519598224948234
-0.38864378000449995
0.06258932893816249
-0.3829992212936268
0.06465905965137664
-0.3773546625827536
0.06672879036459078
-0.3717101038718804
0.06879852107780504
-0.3660655451610072
0.07086825179101919
-0.360420986450134
0.07293798250423333
-0.35477642773926077
0.07500771321744748
-0.3491010907352776
0.07699098133924798
-0.34341835168877216
0.07895345559259226
-0.3377356126422667
0.08091592984593643
-0.3322381496465147
0.08323727233489664
-0.3273473530401968
0.0867336900475486
-0.3224565564338788
0.09023010776020046
-0.3175657598275611
0.09372652547285232
-0.31267496322124316
0.09722294318550417
-0.30778416661492525
0.10071936089815614
-0.30289337000860733
0.104215778610808
-0.297778447072635
0.10732603157773579
-0.2923164469595607
0.10983827818794223
-0.28685444684648637
0.11235052479814844
-0.2811498650045721
0.11404977195263799
-0.27520427883397325
0.1149413062221416
-0.26925869266337427
0.1158328404916451
-0.2633131064927753
0.1167243747611485
-0.25765457277948717
0.11847366505071666
-0.2523699862038055
0.12134036576579688
-0.24708539962812393
0.1242070664808772
-0.24180081305244222
0.12707376719595753
-0.23728688792011232
0.1306703335691045
-0.23471156061268045
0.13610287602409854
-0.23213623330524868
0.14153541847909257
-0.2295609059978168
0.1469679609340866
-0.22698557869038505
0.15240050338908073
-0.22441025138295329
0.15783304584407476
-0.22183492407552147
0.16326558829906868
-0.21925959676808965
0.16869813075406281
-0.21668426946065789
0.17413067320905684
-0.21410894215322607
0.17956321566405087
-0.2115336148457943
0.184995758119045
-0.208600637373217
0.1902098962996338
-0.20494420044488404
0.19498224344279513
-0.20128776351655103
0.19975459058595635
-0.19763132658821803
0.20452693772911767
-0.19397488965988507
0.2092992848722789
-0.19031845273155212
0.21407163201544022
-0.18664019644847019
0.21882579239043343
-0.1826044843504604
0.22328200783940955
-0.17856877225245044
0.22773822328838556
-0.1745330601544406
0.23219443873736179
-0.17049734805643074
0.2366506541863378
-0.1664616359584209
0.24110686963531391
-0.1624259238604111
0.24556308508429026
-0.1583902117624012
0.25001930053326626
-0.15435449966439135
0.2544755159822425
-0.1503187875663815
0.2589317314312186
-0.1462830754683716
0.2633879468801946
-0.1422473633703618
0.26784416232917085
-0.1382116512723519
0.27230037777814686
-0.13417593917434206
0.276756593227123
-0.13014022707633222
0.2812128086760992
-0.1261045149783223
0.28566902412507533
-0.12206880288031247
0.29012523957405145
-0.11803309078230262
0.2945814550230277
-0.11399737868429283
0.2990376704720037
-0.10996166658628292
0.3034938859209798
-0.10592595448827302
0.30795010136995593
-0.10189024239026317
0.31240631681893205
-0.09785453029225333
0.31686253226790817
-0.09381881819424343
0.3213187477168844
-0.08978310609623363
0.3257749631658605
-0.08574739399822384
0.33023117861483664
-0.08171168190021394
0.33468739406381276
-0.07767596980220393
0.3391436095127889
-0.07364025770419425
0.343599824961765
-0.06960454560618423
0.3480560404107411
-0.06556883350817444
0.3525122558597171
-0.06153312141016465
0.35696847130869336
-0.057497409312154746
0.3614246867576696
-0.05346169721414484
0.3658809022066455
-0.04942598511613505
0.37033711765562183
-0.04539027301812526
0.37479333310459784
-0.04135456092011536
0.37924954855357407
-0.037318848822105455
0.3837057640025501
-0.03328313672409566
0.3881619794515263
-0.02924742462608576
0.39261819490050254
-0.025211712528075858
0.39707441034947855
-0.021176000430065955
0.4015306257984548
-0.016141284463701444
0.4044510167805768
-0.01043165662365364
0.4063338280281181
-0.004722028783605836
0.4082166392756592
