-0.00018803002829931303
0.04560880628366959
-0.0034707083471848255
0.05319665717890698
-0.0062887089969161925
0.06326971965833017
-0.00910670964664756
0.0733427821377538
-0.011924710296378926
0.08341584461717688
-0.014742710946110293
0.09348890709660007
-0.01756071159584155
0.10356196957602315
-0.020378712245572805
0.11363503205544634
-0.023196712895304172
0.12370809453486942
-0.02601471354503543
0.13378115701429272
-0.028832714194766684
0.14385421949371568
-0.03165071484449805
0.15392728197313887
-0.03446871549422942
0.16400034445256195
-0.037286716143960785
0.17407340693198559
-0.04010471679369215
0.18414646941140866
-0.0429227174434233
0.19421953189083185
-0.045740718093154775
0.20429259437025504
-0.04855871874288603
0.214365656849678
-0.0513767193926174
0.2244387193291012
-0.0547284954368083
0.2343361606932296
-0.058441972744125714
0.24411459623600884
-0.06215545005144302
0.2538930317787881
-0.06586892735876054
0.26367146732156754
-0.07297456470906855
0.27092753783545287
-0.08126990648572813
0.27729895998318843
-0.09160597206801485
0.2778754162907303
-0.09634514677304057
0.2701008997533194
-0.09922502012471651
0.26010010969961606
-0.0984157162650528
0.24967165139366387
-0.09851164049352051
0.24176108425692344
-0.10452777956181475
0.2503175897403075
-0.1105439186301092
0.258874095223692
-0.11656005769840366
0.26743060070707647
-0.12257619676669834
0.27598710619046096
-0.12959853976835395
0.2836522278257424
-0.13736721987315664
0.29065617848272873
-0.14513589997795923
0.2976601291397146
-0.1529045800827617
0.3046640797967005
-0.15987889995123888
0.312448156008886
-0.1667412463637457
0.3203421991485579
-0.17362060756035574
0.3282076896979007
-0.1838291937187027
0.33048639196538876
-0.1937283324491566
0.33231848000226116
-0.1951809598154413
0.32196002504454824
-0.19663358718172602
0.31160157008683476
-0.19808621454801095
0.3012431151291217
-0.1968552283184643
0.29098574986919623
-0.19462743301554059
0.28076593365438496
-0.19239963771261676
0.2705461174395736
-0.18977781642938557
0.26042167557343454
-0.18708540145776592
0.25031432097409223
-0.18439298648614605
0.2402069663747498
-0.1802429504170227
0.23065244299593457
-0.17555551693646304
0.22130173806306586
-0.17086808345590337
0.21195103313019648
-0.1661852439375115
0.20259811596076138
-0.16179746764965136
0.19310311018804371
-0.15740969136179123
0.18360810441532616
-0.1530219150739311
0.1741130986426086
-0.14863413878607085
0.16461809286989093
-0.14424636249821082
0.15512308709717337
-0.13851090852067222
0.14638134429440064
-0.13272218620472115
0.13766937498057397
-0.12693346388876964
0.12895740566674696
-0.12217549507949738
0.12147950969471089
-0.12971713449035965
0.12872736388562667
-0.13725877390122215
0.13597521807654267
-0.14480041331208443
0.14322307226745845
-0.1523420527229467
0.15047092645837423
-0.1598836921338092
0.15771878064929012
-0.16742533154467149
0.1649666348402059
-0.17496697095553376
0.1722144890311218
-0.18250861036639604
0.17946234322203758
-0.19005024977725876
0.1867101974129538
-0.19759188918812104
0.19395805160386959
-0.20513352859898354
0.20120590579478548
-0.21267516800984582
0.20845375998570126
-0.22022662342602067
0.21569124574630927
-0.22787613082931363
0.22282516135158614
-0.2355256382326067
0.22995907695686324
-0.24317514563589976
0.23709299256214
-0.2508246530391927
0.244226908167417
-0.2581404228722007
0.25167070602355446
-0.26468849537041456
0.25982732676589515
-0.2712365678686289
0.2679839475082356
-0.2777498582190299
0.27616769529565566
-0.284065855745893
0.2845053142973196
-0.29038185327275584
0.2928429332989837
-0.2966978507996188
0.30118055230064766
-0.3031190552614214
0.30943662699106145
-0.3096179230906209
0.31763250597472414
-0.3161167909198204
0.32582838495838673
-0.3226156587490204
0.33402426394204965
-0.3291145265782199
0.34222014292571246
-0.3356133944074196
0.35041602190937493
-0.34064560392151183
0.346615698886965
-0.3436287193688066
0.336950692551676
-0.34141425034985345
0.3267279804682638
-0.3391997813309003
0.31650526838485116
-0.3369853123119471
0.30628255630143897
-0.33477084329299395
0.2960598442180268
-0.3348259455593002
0.29011010108182045
-0.34205600608221093
0.29766880071940893
-0.3492860666051221
0.30522750035699786
-0.35651612712803377
0.31278619999458723
-0.36374618765094496
0.3203448996321764
-0.3709762481738564
0.3279035992697653
-0.37820630869676736
0.33546229890735446
-0.3854363692196788
0.3430209985449434
-0.39266642974259
0.35057969818253254
-0.39989649026550117
0.35813839782012147
-0.4071265507884126
0.3656970974577106
-0.41524869867129915
0.3717701405617372
-0.42531858164327124
0.3745994818820869
-0.43538846461524333
0.37742882320243687
-0.4454583475872154
0.3802581645227866
-0.4465631127995154
0.37216226513136696
-0.44575380893985167
0.3617338068254149
-0.4440495103482068
0.35141900357669187
-0.4422265485342161
0.3411192693276456
-0.44040358672022567
0.33081953507859907
-0.43858062490623523
0.32051980082955256
-0.43593994588456925
0.31044207184915384
-0.43230391613403857
0.3006345745624087
-0.4286678863835081
0.2908270772756639
-0.42503185663297766
0.28101957998891913
-0.421395826882447
0.27121208270217445
-0.41775979713191674
0.26140458541542966
-0.4148408203221699
0.2513619557707144
-0.41196324540958146
0.2413057498261899
-0.409085670496993
0.2312495438816654
-0.40620809558440435
0.2211933379371409
-0.40333052067181635
0.2111371319926163
-0.40025268219637417
0.20116763015692662
-0.39488866193894495
0.19218793071573514
-0.3895246416815153
0.18320823127454355
-0.3841606214240861
0.17422853183335207
-0.37879660116665664
0.1652488323921606
-0.3731590029414101
0.15646860381842886
-0.36624988313573864
0.1486154656630717
-0.3593407633300672
0.14076232750771445
-0.35243164352439665
0.13290918935235796
-0.3449583994712689
0.1255956483032632
-0.33741993409914023
0.11834449286364779
-0.3298814687270118
0.11109333742403216
-0.32172968349624803
0.10458347860328943
-0.31319503724001235
0.09853636948759059
-0.30466039098377645
0.09248926037189165
-0.29612574472754055
0.08644215125619303
-0.28734353939910334
0.08080755360529424
-0.2779924225792117
0.07612094186577412
-0.26862148753679066
0.07147466275059478
-0.26126316621947404
0.06771437771642652
-0.27133826373718223
0.07052509388582406
-0.28141336125489075
0.07333581005522183
-0.29148845877259927
0.07614652622461948
-0.3015635562903077
0.07895724239401714
-0.3116386538080161
0.0817679585634149
-0.3217137513257245
0.08457867473281255
-0.3317888488434329
0.0873893909022102
-0.3418639463611413
0.09020010707160797
-0.3519390438788497
0.09301082324100551
-0.36201414139655835
0.09582153941040328
-0.37208923891426654
0.09863225557980093
-0.38216433643197517
0.1014429717491987
-0.39223943394968336
0.10425368791859635
-0.402314531467392
0.107064404087994
-0.41198556028773653
0.1051150893366809
-0.4104397446131885
0.09670495867489581
-0.405970977651595
0.08724780068640703
-0.41091504090035774
0.08390118848033323
-0.4213722734951891
0.08413357142688505
-0.4318295060900202
0.08436595437343686
-0.44154175307939086
0.08231322797667007
-0.44985264832163235
0.07596210715836305
-0.45816354356387406
0.06961098634005602
-0.4664744388061158
0.06325986552174923
-0.47478533404835727
0.056908744703442204
-0.4770731428690765
0.04989997867802498
-0.470328661050552
0.04190500023053412
-0.46311680163618246
0.034458535825529824
-0.4541526753785144
0.029068530648089563
-0.44482525844411486
0.024369180577679117
-0.43514306623332494
0.020637932535777836
-0.4247344585271163
0.019604200948517336
-0.42964686648520495
0.011738983980605022
-0.4358340711321889
0.003305348107946915
-0.4330189074469149
-0.0025267333339006326
-0.4232867712505218
-0.006359909618800841
-0.41355463505412954
-0.010193085903700605
-0.4038224988577373
-0.014026262188600369
-0.39398185421655835
-0.017564229786781405
-0.38408393604055174
-0.020946378683167954
-0.37418601786454536
-0.024328527579554504
-0.36428809968853876
-0.027710676475940943
-0.3542836113021824
-0.03074105653973247
-0.3441728480042974
-0.03342064249849386
-0.33406208470641247
-0.03610022845725536
-0.3237420875255031
-0.037421478232616434
-0.3132936301554024
-0.037908770713000695
-0.30284517278530193
-0.038396063193384955
-0.29239671541520124
-0.038883355673769215
-0.28194247640788045
-0.03920269867206505
-0.2737593809474687
-0.03989363049337402
-0.28330945769969756
-0.04416021570906892
-0.2928595344519263
-0.04842680092476381
-0.30240961120415527
-0.05269338614045871
-0.3119596879563851
-0.05695997135615394
-0.32150976470861387
-0.06122655657184872
-0.3310394016799259
-0.06552976113411646
-0.339683871702639
-0.07141880633708975
-0.34832834172535204
-0.07730785154006303
-0.3548740723080282
-0.08503273464494232
-0.3595606840475481
-0.09438385146483308
-0.36319310715993197
-0.10412792729034259
-0.3632129384076082
-0.11303784931470168
-0.35369276516763387
-0.11737074867392089
-0.34355987356432
-0.11962647288421074
-0.3332122165659189
-0.12115412141043708
-0.3228645595675173
-0.12268176993666347
-0.31246473384208434
-0.12276729517298374
-0.30203374313684256
-0.12199131303182131
-0.29160275243160033
-0.12121533089065872
-0.2812783214333649
-0.11965688856759887
-0.271019695349972
-0.11761524553871727
-0.2607610692665792
-0.11557360250983562
-0.2513224340379669
-0.1141912798363438
-0.25551890273308314
-0.12377237402579605
-0.2556168547692906
-0.13029045578886178
-0.24523947608724522
-0.1289798349185564
-0.2348620974052001
-0.12766921404825088
-0.22448471872315473
-0.1263585931779455
-0.21410734004110937
-0.12504797230763998
-0.20369460653741994
-0.12408433859469803
-0.19326614823146776
-0.12327503473503443
-0.18283768992551647
-0.12246573087537066
-0.1724092316195644
-0.12165642701570711
-0.1619626806848074
-0.12115090642388637
-0.15151188303331736
-0.12071669009086883
-0.14106108538182643
-0.12028247375785123
-0.1306102877303365
-0.11984825742483368
-0.12035508922905963
-0.11850570462042459
-0.11065183573447018
-0.11459999252197356
-0.10094858223988062
-0.11069428042352236
-0.09123287516941286
-0.10681996450160891
-0.0814906670255105
-0.10301245930041392
-0.0717484588816078
-0.09920495409921892
-0.06314221811891191
-0.09336869517049384
-0.05480459911724783
-0.08705269764363088
-0.046466980115583756
-0.08073670011676792
-0.03823989809717537
-0.07428512845201063
-0.03037427891462091
-0.06739022089271163
-0.02250865973206645
-0.060495313333412404
-0.014715411614887153
-0.053526475083013
-0.007654389775815618
-0.045809630782108424
-0.0006751236673644967
-0.03871710046392629
0.004160795156139929
-0.04799188372332097
0.008996713979643356
-0.057266666982713654
0.01383263280314767
-0.06654145024210845
0.018668551626651098
-0.07581623350150113
0.025008061527294123
-0.08401326600704206
0.032238122050204654
-0.09157196564463022
0.03988315063874398
-0.09869212082516399
0.04782944847141174
-0.10549389016341448
0.055775746304081275
-0.11229565950166653
0.06554969263411986
-0.11557380188709998
0.07529752805269635
-0.1192218090433309
0.08506261216830208
-0.12267583806693821
0.09538739212110231
-0.12435113932418368
0.10571217207390032
-0.12602644058142864
0.11603695202670045
-0.12770174183867417
0.12636173197949846
-0.1293770430959192
0.1366865119322987
-0.13105234435316465
0.1470112918850966
-0.13272764561040973
0.15733607183789683
-0.13440294686765514
0.16766085179069473
-0.13607824812490021
0.17798563174349497
-0.13775354938214568
0.18831041169629287
-0.13942885063939076
0.1986351916490931
-0.14110415189663617
0.208959971601891
-0.1427794531538813
0.21928475155469124
-0.14445475441112665
0.22960953150748914
-0.14613005566837178
0.23993431146028826
-0.14780535692561703
0.2502590914130873
-0.14948065818286232
0.2605838713658865
-0.15115595944010757
0.2709086513186855
-0.1528312606973528
0.28123343127148454
-0.15450656195459805
0.29155821122428355
-0.15618186321184335
0.30188299117708267
-0.1578571644690886
0.3122077711298818
-0.15953246572633384
0.3225325510826808
-0.16120776698357908
0.33285733103548004
-0.16288306824082432
0.33970526961474495
-0.16220570191224187
0.3343107787811315
-0.15324427434615018
0.3289162879475181
-0.14428284678005832
0.32352179711390466
-0.1353214192139665
0.31812730628029123
-0.1263599916478747
0.3127328154466778
-0.1173985640817829
0.31715073590535253
-0.11473911683016508
0.32754398384156397
-0.11591729878244811
0.3379372317777753
-0.1170954807347312
0.34834821204784966
-0.11747570766318627
0.3587835379109284
-0.11676038290644308
0.36915148042914375
-0.11558553769334712
0.3793528473464843
-0.11327473082256828
0.3895542142638249
-0.11096392395178956
0.39930783225493455
-0.10721947351608474
0.409011085749524
-0.10331376141763371
0.41871433924411344
-0.09940804931918257
0.4275044312523118
-0.09440805168015964
0.4317367633838995
-0.08583224050765448
0.4231647227914625
-0.07983825723625138
0.4145926821990255
-0.07384427396484794
0.40584310394290496
-0.06813443976580325
0.39669753979245964
-0.06305838108348494
0.3875519756420142
-0.05798232240116685
0.378406411491569
-0.052906263718848656
0.36909535054336867
-0.048253749900329934
0.3589311323600723
-0.045784664219638116
0.3487669141767759
-0.0433155785389463
0.33860269599347964
-0.04084649285825448
0.32841227790306377
-0.03852987577051736
0.31800688011105754
-0.037464318561184595
0.3076014823190513
-0.03639876135185183
0.297196084527045
-0.03533320414251895
0.28679068673503877
-0.03426764693318629
0.27638528894303255
-0.03320208972385352
0.2659798911510263
-0.032136532514520755
0.2555744933590201
-0.031070975305187876
0.24516909556701377
-0.030005418095855108
0.23476369777500766
-0.02893986088652234
0.23294934699761977
-0.027080653703967728
0.24298343433410358
-0.024126875327030062
0.2530175216705874
-0.021173096950092285
0.2630516090070711
-0.018219318573154508
0.2730856963435549
-0.015265540196216731
0.2831197836800387
-0.012311761819279066
0.2931538710165224
-0.009357983442341289
0.3031879583530063
-0.006404205065403512
0.31322204568949
-0.0034504266884657353
0.3231889953604183
-0.00030431798932617493
0.33288151189749143
0.003627963607255258
0.3425740284345646
0.007560245203836691
0.35226654497163773
0.011492526800418124
0.36195906150870977
0.015424808396999112
0.371651578045784
0.0193570899935811
0.38134409458285606
0.023289371590161978
0.3910366111199302
0.027221653186743855
0.40072912765700225
0.031153934783324955
0.4104216441940765
0.03508621637990683
0.420271417400154
0.03860431828377553
0.43013131960438394
0.04209574262053173
0.4399912218086118
0.04558716695728726
0.4498511240128417
0.04907859129404346
0.45971102621706955
0.05257001563079888
0.4695709284212996
0.05606143996755519
0.47966560019606125
0.058794807040733144
0.48977295479540456
0.06148722201235313
0.49988030939474587
0.06417963698397255
0.5099876639940895
0.06687205195559254
0.5200950185934308
0.06956446692721197
0.5302023731927741
0.07225688189883195
0.5264590086825232
0.07645230888473764
0.5171644570054097
0.0812501234390679
0.5078699053282985
0.08604793799339705
0.49857535365118516
0.0908457525477272
0.49106322970419897
0.09548541930451038
0.5010573175507944
0.09857182878654713
0.5110514053973876
0.10165823826858322
0.5210454932439832
0.10474464775062009
0.5310395810905764
0.10783105723265629
0.5410336689371718
0.11091746671469305
0.5507698554989435
0.11469201619695812
0.5603307030939493
0.1189344104079374
0.5698915506889526
0.12317680461891567
0.5794523982839581
0.12741919882989483
0.588913046454167
0.1318803461074799
0.598370204442656
0.1363491130690736
0.607827362431143
0.1408178800306663
0.6158983417175095
0.14708876681954886
0.6226437850273234
0.1550829340638784
0.6293892283371387
0.16307710130820974
0.6361346716469525
0.1710712685525393
0.63160340178456
0.17526388175859997
0.6213948156262141
0.1775425840260879
0.611186229467866
0.1798212862935763
0.6009776433095202
0.18209998856106424
0.5907690571511719
0.18437869082855263
0.580560470992826
0.18665739309604057
0.5703518848344782
0.18893609536352896
0.5601432986761323
0.1912147976310169
0.5498876881382373
0.19241951380462563
0.5395190055045684
0.1910417853050732
0.5291503228708971
0.18966405680552045
0.5187816402372283
0.18828632830596792
0.5084129576035574
0.18690859980641528
0.49804523474337975
0.18800586683375686
0.4876776237610984
0.1893916366185172
0.4773100127788194
0.19077740640327723
0.4669424017965383
0.19216317618803758
0.46384185145036677
0.197974235538929
0.46736917657269456
0.20782135150542758
0.4708965016950217
0.2176684674719238
0.47368323320554445
0.22771709901678883
0.47293166212250876
0.23719429918948143
0.46506630049419323
0.24348589690570643
0.4546840881230802
0.24475766011374922
0.44471702148834286
0.2442209954331982
0.43592895162775563
0.23854847011358193
0.4271408817671684
0.23287594479396567
0.4183528119065813
0.2272034194743493
0.415377053548694
0.2319240727973515
0.41469030971184345
0.2408222382882642
0.40565302559396005
0.23555581529453296
0.39661574147607664
0.2302893923008017
0.38757845735819324
0.22502296930707055
0.37854117324030995
0.2197565463133394
0.3695038891224263
0.21449012331960804
0.3604666050045429
0.20922370032587678
0.35132069415608597
0.20435307506963452
0.3408612208811536
0.20426861095166726
0.33040174760622104
0.20418414683370012
0.3199422743312887
0.20409968271573298
0.31081900475938934
0.1992901905960105
0.30186434211627294
0.19388447766206518
0.29290967947315655
0.18847876472811975
0.28395501683003993
0.18307305179417432
0.27500035418692365
0.1776673388602289
0.26604569154380725
0.17226162592628347
0.25709102890069085
0.16685591299233804
0.24813636625757457
0.16145020005839272
0.23918170361445795
0.1560444871244473
0.23022704097134156
0.15063877419050187
0.22524588550111563
0.14858414501338102
0.23208506129121037
0.15649827098460678
0.2389242370813051
0.16441239695583254
0.24576341287139997
0.17232652292705852
0.2526025886614946
0.18024064889828428
0.25944176445158945
0.18815477486951016
0.2656644515445847
0.19652565723937288
0.2712439200608681
0.20537310017233656
0.27682338857715166
0.21422054310530048
0.2824028570934351
0.22306798603826428
0.2867161963522799
0.2325117280406691
0.28998325578642975
0.24244822833151503
0.2901523904088698
0.2501942603757551
0.2796951578140387
0.2504266433223069
0.2742381487365793
0.25299325020664465
0.28077499101504616
0.2611588737837327
0.2860360028924889
0.2698369316509215
0.2869634759125224
0.2802555452426312
0.287890948932556
0.290674158834341
0.2888184219525895
0.30109277242605104
0.289745894972623
0.31151138601776085
0.28356047293266723
0.31943632088548246
0.27430258489677956
0.3213340020493457
0.2645115344980768
0.318646770868514
0.2562709293382723
0.312204710485651
0.24803032417846788
0.3057626501027879
0.23978971901866347
0.2993205897199249
0.23162337429735608
0.2927900411781825
0.2238491505299957
0.2857922443683818
0.216074926762635
0.27879444755858074
0.20830070299527464
0.27179665074878
0.20052647922791428
0.2647988539389793
0.19375721246455752
0.25688735079696945
0.18752880849373416
0.24848409551389727
0.1813004045229109
0.2400808402308251
0.17507200055208755
0.23167758494775292
0.16884359658126463
0.22327432966468141
0.1649894618000573
0.22954774555986146
0.16172821928894993
0.23948615653244532
0.15846697677784188
0.24942456750503128
0.15349032145062697
0.2580705866494417
0.14483698337034306
0.2639465934095283
0.13682925243602367
0.26483230992056006
0.12995617374059237
0.25694760925264093
0.1272893006569657
0.24701985190709863
0.12534092108187794
0.23674310473653704
0.12339254150679041
0.226466357565977
0.1201112918089135
0.2167512453544137
0.11411730853751084
0.2081792047619776
0.10812332526610685
0.1996071641695395
0.10212088698225158
0.19104104715975367
0.09611135636547113
0.1824798990391886
0.09010182574869235
0.17391875091862563
0.08409229513191202
0.16535760279806044
0.07808276451513291
0.15679645467749725
0.0720732338983529
0.1482353065569324
0.0660637032815738
0.1396741584363691
0.06005417266479368
0.13111301031580436
0.05404464204801468
0.12255186219524106
0.048035111431234234
0.11399071407467598
0.042025580814455565
0.10542956595411301
0.03601605019767512
0.09686841783354783
0.03000651958089623
0.08830726971298486
0.023996988964116006
0.07974612159241967
0.017987458347336893
0.07118497347185648
0.01199013668416865
0.0626152717570545
0.005996153412765881
0.05404323116461829